    1     0.00000000     2.57444     3.11421     5.24832
    2     2.74092361     2.57444     3.11421     5.24832
    3     2.83992467     2.58556     3.15172     5.31456
    4     2.92062525     2.58963     3.16514     5.33840
    5     2.98439451     2.58669     3.15546     5.32120
    6     3.06914213     2.58929     3.16404     5.33645
    7     3.17427477     2.59718     3.18967     5.38220
    8     3.28184373     2.60391     3.21112     5.42071
    9     3.39223839     2.61016     3.23070     5.45603
   10     3.47386553     2.60569     3.21673     5.43082
   11     3.59564845     2.61179     3.23576     5.46519
   12     3.71729001     2.61548     3.24709     5.48572
   13     3.84508505     2.61879     3.25721     5.50411
   14     3.98526259     2.62371     3.27206     5.53117
   15     4.14368771     2.63067     3.29274     5.56899
   16     4.28395592     2.63060     3.29252     5.56859
   17     4.46064918     2.63676     3.31056     5.60172
   18     4.63746734     2.63980     3.31936     5.61793
   19     4.82376396     2.64245     3.32695     5.63193
   20     5.03499171     2.64693     3.33971     5.65552
   21     5.25789746     2.65075     3.35049     5.67550
   22     5.50261120     2.65457     3.36116     5.69532
   23     5.76943347     2.65842     3.37183     5.71518
   24     6.05732861     2.66219     3.38217     5.73446
   25     6.37758478     2.66603     3.39262     5.75399
   26     6.72646227     2.66982     3.40285     5.77314
   27     7.11814636     2.67364     3.41308     5.79233
   28     7.55571741     2.67754     3.42342     5.81177
   29     8.04121587     2.68147     3.43376     5.83124
   30     8.59802306     2.68560     3.44454     5.85157
   31     9.22701909     2.69003     3.45598     5.87320
   32     9.96334913     2.69502     3.46874     5.89737
   33    10.81557377     2.70084     3.48348     5.92535
   34    11.84263393     2.70811     3.50163     5.95990
   35    13.09068627     2.71765     3.52506     6.00465
   36    14.62279512     2.73070     3.55641     6.06477
   37    16.61136479     2.75003     3.60151     6.15173
   38    19.22491349     2.77928     3.66696     6.27882
   39    22.92034806     2.82660     3.76673     6.47424
   40    28.38197767     2.90288     3.91501     6.76719
   41    36.74827925     3.01377     4.11103     7.15552
   42    50.55469755     3.14271     4.32091     7.56621
   43    75.48888889     3.24757     4.48404     7.87643
   44   139.28333333     3.32065     4.59635     8.08287
   45   208.92500000     3.32065     4.59635     8.08287
