        6.00000        0.47600    0
        8.00000        0.42500    0
       10.00000        0.31400    0
       12.00000        0.26500    0
       14.00000        0.24700    0
       16.00000        0.23900    0
       18.00000        0.23700    0
       20.00000        0.23600    0
       22.00000        0.23700    0
       24.00000        0.23900    0
       26.00000        0.24100    0
       28.00000        0.24300    0
       30.00000        0.24400    0
       32.00000        0.24700    0
       34.00000        0.24700    0
       36.00000        0.24900    0
       38.00000        0.24900    0
       40.00000        0.24900    0
       42.00000        0.24600    0
       44.00000        0.24400    0
       46.00000        0.24100    0
       48.00000        0.23900    0
       50.00000        0.23600    0
       52.00000        0.23300    0
       54.00000        0.23000    0
       56.00000        0.22800    0
       30.00000        0.29700    1
       32.00000        0.28700    1
       34.00000        0.28400    1
       36.00000        0.27800    1
       38.00000        0.27400    1
       40.00000        0.27100    1
       42.00000        0.27100    1
       44.00000        0.27100    1
       46.00000        0.27100    1
       48.00000        0.27000    1
       50.00000        0.27100    1
       52.00000        0.27100    1
       54.00000        0.27100    1
       56.00000        0.27000    1
       58.00000        0.27000    1
       60.00000        0.26900    1
       62.00000        0.26800    1
       64.00000        0.26700    1
       66.00000        0.26500    1
       68.00000        0.26400    1
       70.00000        0.26200    1
       72.00000        0.26000    1
       28.00000        0.48500    2
       30.00000        0.46100    2
       32.00000        0.44500    2
       34.00000        0.42600    2
       36.00000        0.41100    2
       38.00000        0.39200    2
       40.00000        0.37100    2
       42.00000        0.35100    2
       44.00000        0.33400    2
       46.00000        0.32300    2
       48.00000        0.31500    2
       50.00000        0.30900    2
       52.00000        0.30300    2
       54.00000        0.30100    2
       56.00000        0.29900    2
       64.00000        0.33500    3
       66.00000        0.33200    3
       68.00000        0.32900    3
       70.00000        0.32700    3
       72.00000        0.32500    3
       74.00000        0.32200    3
       76.00000        0.32000    3
       78.00000        0.31800    3
       80.00000        0.31600    3
       82.00000        0.31400    3
       84.00000        0.31200    3
       86.00000        0.31100    3
       88.00000        0.30900    3
       90.00000        0.30800    3
       92.00000        0.30600    3
       94.00000        0.30400    3
       96.00000        0.30300    3
