    1     0.00000000     1.90000     0.26479     0.70000
    2     0.00163381     1.90000     0.26565     0.70000
    3     0.00171454     1.90000     0.26567     0.70000
    4     0.00182001     1.90000     0.26568     0.70000
    5     0.00194357     1.90000     0.26568     0.70000
    6     0.00199990     1.90000     0.26568     0.70000
    7     0.00200000     1.70000     0.26568     0.30000
    8     0.00207269     1.70000     0.26567     0.30000
    9     0.00220494     1.70000     0.26564     0.30000
   10     0.00233061     1.70000     0.26560     0.30000
   11     0.00245168     1.70000     0.26554     0.30000
   12     0.00262554     1.70000     0.26545     0.30000
   13     0.00281807     1.70000     0.26534     0.30000
   14     0.00302088     1.70000     0.26524     0.30000
   15     0.00327439     1.70000     0.26515     0.30000
   16     0.00359814     1.70000     0.26518     0.30000
   17     0.00395207     1.70000     0.26546     0.30000
   18     0.00444530     1.70000     0.26646     0.30000
   19     0.00516549     1.70000     0.26943     0.30000
   20     0.00599990     1.70000     0.27578     0.30000
   21     0.00600000     1.80000     0.27578     0.50000
   22     0.00631405     1.80000     0.27817     0.50000
   23     0.00768397     1.80000     0.29462     0.50000
   24     0.00915255     1.80000     0.31781     0.50000
   25     0.01027236     1.80000     0.33781     0.50000
   26     0.01099990     1.80000     0.35134     0.50000
   27     0.01100000     2.00000     0.35134     0.90000
   28     0.01189706     2.00000     0.36802     0.90000
   29     0.01312502     2.00000     0.39047     0.90000
   30     0.01413900     2.00000     0.40814     0.90000
   31     0.01536269     2.00000     0.42800     0.90000
   32     0.01599990     2.00000     0.43730     0.90000
   33     0.01600000     2.10000     0.43730     1.10000
   34     0.01733078     2.00000     0.45671     0.90000
   35     0.01839467     2.00000     0.47101     0.90000
   36     0.02044192     2.00000     0.49546     0.90000
   37     0.02098791     2.00000     0.50120     0.90000
   38     0.02328065     2.00000     0.52103     0.90000
   39     0.02851375     2.00000     0.54486     0.90000
   40     0.04277063     2.00000     0.54429     0.90000
