     2.00000     0.52665           0
     2.26531     0.51827           0
     2.53061     0.50763           0
     2.53061     0.56510           1
     2.79592     0.45461           0
     2.79592     0.53933           1
     3.06122     0.39628           0
     3.06122     0.52333           1
     3.32653     0.32887           0
     3.32653     0.52957           1
     3.59184     0.30743           0
     3.59184     0.51216           1
     3.85714     0.29112           0
     3.85714     0.50596           1
     4.12245     0.26549           0
     4.12245     0.50570           1
     4.38776     0.26134           0
     4.38776     0.48913           1
     4.38776     0.60359           2
     4.65306     0.25786           0
     4.65306     0.49317           1
     4.65306     0.57810           2
     4.91837     0.25815           0
     4.91837     0.47220           1
     4.91837     0.57207           2
     5.18367     0.27115           0
     5.18367     0.46362           1
     5.18367     0.56784           2
     5.44898     0.26715           0
     5.44898     0.43873           1
     5.44898     0.55346           2
     5.71429     0.26003           0
     5.71429     0.41880           1
     5.71429     0.53942           2
     5.97959     0.26390           0
     5.97959     0.41614           1
     5.97959     0.55287           2
     6.24490     0.25224           0
     6.24490     0.38727           1
     6.24490     0.54349           2
     6.51020     0.25074           0
     6.51020     0.38689           1
     6.51020     0.54014           2
     6.77551     0.25647           0
     6.77551     0.36384           1
     6.77551     0.53860           2
     7.04082     0.25765           0
     7.04082     0.36116           1
     7.04082     0.52273           2
     7.30612     0.25029           0
     7.30612     0.35043           1
     7.30612     0.51718           2
     7.57143     0.25033           0
     7.57143     0.33263           1
     7.57143     0.52644           2
     7.83673     0.23447           0
     7.83673     0.31798           1
     7.83673     0.50776           2
     8.10204     0.24767           0
     8.10204     0.30398           1
     8.10204     0.50968           2
     8.10204     0.60536           3
     8.36735     0.23767           0
     8.36735     0.30627           1
     8.36735     0.50075           2
     8.36735     0.56814           3
     8.63265     0.21596           0
     8.63265     0.29891           1
     8.63265     0.47468           2
     8.63265     0.56866           3
     8.89796     0.21444           0
     8.89796     0.29340           1
     8.89796     0.46816           2
     8.89796     0.55472           3
     9.16327     0.21317           0
     9.16327     0.29190           1
     9.16327     0.44504           2
     9.16327     0.54895           3
     9.42857     0.21215           0
     9.42857     0.28969           1
     9.42857     0.43165           2
     9.42857     0.53997           3
     9.69388     0.20904           0
     9.69388     0.29933           1
     9.69388     0.41977           2
     9.69388     0.54202           3
     9.95918     0.20233           0
     9.95918     0.28164           1
     9.95918     0.40029           2
     9.95918     0.52520           3
    10.22449     0.18743           0
    10.22449     0.29010           1
    10.22449     0.38767           2
    10.22449     0.51915           3
    10.48980     0.20285           0
    10.48980     0.27865           1
    10.48980     0.38706           2
    10.48980     0.52773           3
    10.75510     0.20141           0
    10.75510     0.29253           1
    10.75510     0.36854           2
    10.75510     0.52166           3
    11.02041     0.18113           0
    11.02041     0.28981           1
    11.02041     0.36528           2
    11.02041     0.51265           3
    11.28571     0.19669           0
    11.28571     0.29138           1
    11.28571     0.34943           2
    11.28571     0.50251           3
    11.28571     0.59773           4
    11.55102     0.19041           0
    11.55102     0.28903           1
    11.55102     0.35460           2
    11.55102     0.48439           3
    11.55102     0.57685           4
    11.81633     0.18362           0
    11.81633     0.29132           1
    11.81633     0.34896           2
    11.81633     0.46798           3
    11.81633     0.56217           4
    12.08163     0.17516           0
    12.08163     0.28794           1
    12.08163     0.32609           2
    12.08163     0.45740           3
    12.08163     0.55133           4
    12.34694     0.18428           0
    12.34694     0.29611           1
    12.34694     0.33385           2
    12.34694     0.44092           3
    12.34694     0.54380           4
    12.61224     0.17397           0
    12.61224     0.29484           1
    12.61224     0.33186           2
    12.61224     0.41960           3
    12.61224     0.53266           4
    12.87755     0.17167           0
    12.87755     0.27860           1
    12.87755     0.31507           2
    12.87755     0.41758           3
    12.87755     0.53445           4
    13.14286     0.18394           0
    13.14286     0.28762           1
    13.14286     0.32113           2
    13.14286     0.41947           3
    13.14286     0.53015           4
    13.40816     0.17385           0
    13.40816     0.28333           1
    13.40816     0.30886           2
    13.40816     0.41207           3
    13.40816     0.52182           4
    13.67347     0.17518           0
    13.67347     0.27598           1
    13.67347     0.30457           2
    13.67347     0.38720           3
    13.67347     0.52596           4
    13.93878     0.17392           0
    13.93878     0.29218           1
    13.93878     0.31465           2
    13.93878     0.38440           3
    13.93878     0.51255           4
    14.20408     0.16947           0
    14.20408     0.29337           1
    14.20408     0.30433           2
    14.20408     0.37509           3
    14.20408     0.52444           4
    14.46939     0.17795           0
    14.46939     0.27358           1
    14.46939     0.30922           2
    14.46939     0.37297           3
    14.46939     0.50094           4
    14.73469     0.16983           0
    14.73469     0.27409           1
    14.73469     0.30508           2
    14.73469     0.37872           3
    14.73469     0.50541           4
    15.00000     0.18297           0
    15.00000     0.28248           1
    15.00000     0.30947           2
    15.00000     0.36470           3
    15.00000     0.48529           4
